0,1.0,0.0
1,0.9996952148735142,3.0478512648582747E-4
2,0.9990856446205425,9.143553794574825E-4
3,0.9984760743675709,0.0015239256324291375
4,0.9960377933556842,0.003962206644315757
5,0.9750076196281622,0.024992380371837854
6,0.7555964428089543,0.2444035571910457
7,0.24593682919349893,0.7540631708065011
8,0.08065010732904017,0.9193498926709598
9,0.035878564857405704,0.9641214351425943
10,0.019012572830420117,0.9809874271695799
11,0.015639374425023,0.984360625574977
12,0.01441275682306041,0.9855872431769396
13,0.014106102422569764,0.9858938975774303
14,0.013799448022079117,0.9862005519779209
15,0.013799448022079117,0.9862005519779209
16,0.013799448022079117,0.9862005519779209
17,0.013799448022079117,0.9862005519779209
18,0.013799448022079117,0.9862005519779209
19,0.013799448022079117,0.9862005519779209
20,0.01349279362158847,0.9865072063784115
21,0.012879484820607176,0.9871205151793928
22,0.012572830420116528,0.9874271695798835
23,0.012572830420116528,0.9874271695798835
24,0.012572830420116528,0.9874271695798835
25,0.012572830420116528,0.9874271695798835
26,0.012572830420116528,0.9874271695798835
27,0.012572830420116528,0.9874271695798835
28,0.012572830420116528,0.9874271695798835
29,0.012572830420116528,0.9874271695798835
30,0.012572830420116528,0.9874271695798835
31,0.012572830420116528,0.9874271695798835
32,0.012572830420116528,0.9874271695798835
33,0.012572830420116528,0.9874271695798835
34,0.012572830420116528,0.9874271695798835
35,0.012572830420116528,0.9874271695798835
36,0.012572830420116528,0.9874271695798835
37,0.012572830420116528,0.9874271695798835
38,0.012572830420116528,0.9874271695798835
39,0.012572830420116528,0.9874271695798835
40,0.012572830420116528,0.9874271695798835
41,0.012572830420116528,0.9874271695798835
42,0.012572830420116528,0.9874271695798835
43,0.012572830420116528,0.9874271695798835
44,0.012572830420116528,0.9874271695798835
45,0.012266176019625881,0.9877338239803741
46,0.01134621281815394,0.988653787181846
47,0.009506286415210058,0.99049371358479
48,0.009506286415210058,0.99049371358479
49,0.009506286415210058,0.99049371358479
50,0.00919963201471941,0.9908003679852806
51,0.00919963201471941,0.9908003679852806
52,0.00919963201471941,0.9908003679852806
53,0.00919963201471941,0.9908003679852806
54,0.00919963201471941,0.9908003679852806
55,0.00919963201471941,0.9908003679852806
56,0.00919963201471941,0.9908003679852806
57,0.00919963201471941,0.9908003679852806
58,0.00919963201471941,0.9908003679852806
59,0.00919963201471941,0.9908003679852806
60,0.00919963201471941,0.9908003679852806
61,0.00919963201471941,0.9908003679852806
62,0.00919963201471941,0.9908003679852806
63,0.00919963201471941,0.9908003679852806
64,0.00919963201471941,0.9908003679852806
65,0.008892977614228765,0.9911070223857712
66,0.008892977614228765,0.9911070223857712
67,0.008892977614228765,0.9911070223857712
68,0.008892977614228765,0.9911070223857712
69,0.008892977614228765,0.9911070223857712
70,0.008586323213738117,0.9914136767862619
71,0.008586323213738117,0.9914136767862619
72,0.008586323213738117,0.9914136767862619
73,0.008586323213738117,0.9914136767862619
74,0.008586323213738117,0.9914136767862619
75,0.008586323213738117,0.9914136767862619
76,0.008586323213738117,0.9914136767862619
77,0.008586323213738117,0.9914136767862619
78,0.008586323213738117,0.9914136767862619
79,0.008586323213738117,0.9914136767862619
80,0.00827966881324747,0.9917203311867525
81,0.00827966881324747,0.9917203311867525
82,0.00827966881324747,0.9917203311867525
83,0.00827966881324747,0.9917203311867525
84,0.00827966881324747,0.9917203311867525
85,0.00827966881324747,0.9917203311867525
86,0.00827966881324747,0.9917203311867525
87,0.00827966881324747,0.9917203311867525
88,0.00827966881324747,0.9917203311867525
89,0.00827966881324747,0.9917203311867525
90,0.00827966881324747,0.9917203311867525
91,0.00827966881324747,0.9917203311867525
92,0.00827966881324747,0.9917203311867525
93,0.00827966881324747,0.9917203311867525
94,0.00827966881324747,0.9917203311867525
95,0.007973014412756822,0.9920269855872432
96,0.007973014412756822,0.9920269855872432
97,0.007973014412756822,0.9920269855872432
98,0.007973014412756822,0.9920269855872432
99,0.007973014412756822,0.9920269855872432
100,0.007666360012266176,0.9923336399877338
101,0.007359705611775529,0.9926402943882244
102,0.007359705611775529,0.9926402943882244
103,0.007359705611775529,0.9926402943882244
104,0.007359705611775529,0.9926402943882244
105,0.007359705611775529,0.9926402943882244
106,0.007359705611775529,0.9926402943882244
107,0.007359705611775529,0.9926402943882244
108,0.007359705611775529,0.9926402943882244
109,0.007359705611775529,0.9926402943882244
110,0.007359705611775529,0.9926402943882244
111,0.007359705611775529,0.9926402943882244
112,0.007359705611775529,0.9926402943882244
113,0.007359705611775529,0.9926402943882244
114,0.007359705611775529,0.9926402943882244
115,0.007359705611775529,0.9926402943882244
116,0.007359705611775529,0.9926402943882244
117,0.007359705611775529,0.9926402943882244
118,0.007359705611775529,0.9926402943882244
119,0.007359705611775529,0.9926402943882244
120,0.007053051211284882,0.9929469487887151
121,0.006746396810794235,0.9932536031892057
122,0.006746396810794235,0.9932536031892057
123,0.006746396810794235,0.9932536031892057
124,0.006746396810794235,0.9932536031892057
125,0.006439742410303588,0.9935602575896965
126,0.006439742410303588,0.9935602575896965
127,0.006439742410303588,0.9935602575896965
128,0.006439742410303588,0.9935602575896965
129,0.006439742410303588,0.9935602575896965
130,0.0061330880098129405,0.9938669119901871
131,0.005519779208831647,0.9944802207911684
132,0.005213124808341,0.994786875191659
133,0.005213124808341,0.994786875191659
134,0.005213124808341,0.994786875191659
135,0.005213124808341,0.994786875191659
136,0.005213124808341,0.994786875191659
137,0.005213124808341,0.994786875191659
138,0.005213124808341,0.994786875191659
139,0.005213124808341,0.994786875191659
140,0.004906470407850353,0.9950935295921497
141,0.004906470407850353,0.9950935295921497
142,0.004906470407850353,0.9950935295921497
143,0.004906470407850353,0.9950935295921497
144,0.004906470407850353,0.9950935295921497
145,0.004906470407850353,0.9950935295921497
146,0.004906470407850353,0.9950935295921497
147,0.004906470407850353,0.9950935295921497
148,0.004906470407850353,0.9950935295921497
149,0.004906470407850353,0.9950935295921497
150,0.004599816007359705,0.9954001839926403
